"","nep","year","temp.Jan","temp.Feb","temp.Mar","temp.Apr","temp.May","temp.Jun","temp.Jul","temp.Aug","temp.Sep","temp.Oct","temp.Nov","temp.Dec","precip.Jan","precip.Feb","precip.Mar","precip.Apr","precip.May","precip.Jun","precip.Jul","precip.Aug","precip.Sep","precip.Oct","precip.Nov","precip.Dec","radiation.Jan","radiation.Feb","radiation.Mar","radiation.Apr","radiation.May","radiation.Jun","radiation.Jul","radiation.Aug","radiation.Sep","radiation.Oct","radiation.Nov","radiation.Dec","airhumidity.Jan","airhumidity.Feb","airhumidity.Mar","airhumidity.Apr","airhumidity.May","airhumidity.Jun","airhumidity.Jul","airhumidity.Aug","airhumidity.Sep","airhumidity.Oct","airhumidity.Nov","airhumidity.Dec","year"
"nep",1,-0.113539651036263,-0.0185698978602886,0.144857153296471,0.131053641438484,-0.06267199665308,0.211274489760399,-0.00373420817777514,-0.0987943783402443,0.373082935810089,0.0434186495840549,-0.0398130938410759,0.0385521873831749,-0.421893149614334,0.65826541185379,-0.0927100107073784,0.0186687838286161,-0.0648457333445549,-0.0805589109659195,-0.0403259992599487,0.589881956577301,-0.155669510364532,0.0296036060899496,0.00802236516028643,0.328179329633713,-0.111407101154327,-0.158421352505684,0.482772976160049,-0.206069827079773,0.271771401166916,-0.009919130243361,0.357776582241058,0.138605952262878,-0.342508643865585,0.0881902277469635,-0.628995358943939,0.353315770626068,0.648989140987396,0.224102139472961,0.127525880932808,0.253383308649063,0.0306455809623003,0.204210609197617,-0.26414942741394,0.416053414344788,-0.0670986697077751,0.131064668297768,-0.118601433932781,0.157050982117653,-0.660238564014435,-0.113539651036263
"year",-0.113539651036263,1,-0.499385267496109,-0.336591273546219,0.0951542630791664,-0.0112378830090165,-0.257525563240051,0.227680176496506,-0.249793738126755,-0.346426427364349,-0.0884447619318962,0.0243665464222431,0.0432766042649746,-0.347104519605637,-0.207093819975853,-0.0129075516015291,-0.210954606533051,0.271452397108078,0.14088299870491,0.272547632455826,-0.151512622833252,0.414895474910736,-0.29866623878479,0.402488023042679,0.103408113121986,0.797766208648682,-0.257515460252762,-0.551517963409424,-0.262227445840836,-0.262000799179077,0.0888435989618301,0.045109000056982,0.177134901285172,-0.192165672779083,0.0309762805700302,0.176732435822487,0.168260604143143,-0.248868241906166,-0.666660010814667,-0.612171232700348,0.100923627614975,-0.193139404058456,-0.219889312982559,-0.128147050738335,-0.297264903783798,-0.483556628227234,-0.144497916102409,0.05472781509161,-0.0193035621196032,-0.278480976819992,1
"temp.Jan",-0.0185698978602886,-0.499385267496109,1,0.231185182929039,-0.118724152445793,0.419207870960236,0.487503737211227,-0.14831879734993,0.156454592943192,0.302271693944931,-0.242108911275864,0.0541119389235973,-0.508446037769318,0.229231625795364,0.344729840755463,0.319802641868591,0.532880544662476,-0.480971455574036,-0.308230340480804,-0.115859515964985,-0.0463856123387814,-0.685964107513428,0.63347464799881,-0.276914149522781,-0.14844822883606,-0.73916482925415,-0.160166218876839,0.531377673149109,0.203376829624176,0.0330336876213551,-0.377842575311661,-0.452907413244247,-0.0861051455140114,0.111247695982456,0.249324783682823,0.149188652634621,-0.291813999414444,-0.109396278858185,0.643094480037689,0.513394236564636,-0.0193464998155832,0.508192121982574,0.161789566278458,-0.246205821633339,-0.238010197877884,0.343804895877838,-0.496639668941498,0.0439163893461227,-0.403881281614304,0.0497996062040329,-0.499385267496109
"temp.Feb",0.144857153296471,-0.336591273546219,0.231185182929039,1,0.132066413760185,-0.38205674290657,0.18572635948658,-0.302575707435608,-0.225336149334908,-0.0215597562491894,0.0218039341270924,-0.409479230642319,0.0507970042526722,-0.472795158624649,0.588882565498352,0.0939714983105659,-0.176509723067284,0.0727826952934265,0.112516567111015,-0.00156258686911315,-0.178601533174515,-0.0811565071344376,0.107914984226227,0.0298791043460369,-0.520042777061462,-0.442172437906265,-0.0637790709733963,0.419212609529495,0.0462243929505348,0.547113597393036,0.0961595848202705,0.300492316484451,-0.0226883478462696,-0.412143230438232,-0.465916275978088,0.219864681363106,-0.160359516739845,-0.179020270705223,0.0479142628610134,0.699334442615509,0.128114178776741,-0.0570586174726486,0.198263511061668,-0.0626653805375099,-0.111035078763962,0.185539662837982,0.0248378403484821,-0.186037302017212,-0.0457952618598938,-0.522329211235046,-0.336591273546219
"temp.Mar",0.131053641438484,0.0951542630791664,-0.118724152445793,0.132066413760185,1,-0.119164302945137,0.286145061254501,-0.304889976978302,-0.2909314930439,0.110348023474216,-0.0740675628185272,0.437059611082077,-0.00210410403087735,-0.150089651346207,0.181108802556992,0.200944617390633,-0.391396403312683,0.502773284912109,0.0769208297133446,0.463576555252075,0.192609563469887,-0.116482473909855,0.0694382265210152,-0.373265415430069,0.074874572455883,0.121785640716553,0.617695152759552,-0.198422715067863,-0.42282173037529,0.200647801160812,0.211418688297272,0.132167801260948,0.471924722194672,-0.0156840085983276,-0.138727694749832,0.0240487940609455,-0.391878873109818,-0.0137843545526266,-0.184496849775314,0.0524975657463074,0.823512673377991,-0.0561445020139217,0.397754579782486,-0.0194346997886896,-0.060757752507925,-0.153125777840614,-0.0217531975358725,-0.00810379069298506,-0.33436781167984,-0.183704376220703,0.0951542630791664
"temp.Apr",-0.06267199665308,-0.0112378830090165,0.419207870960236,-0.38205674290657,-0.119164302945137,1,0.610878467559814,0.562446236610413,0.440759360790253,0.318157434463501,-0.0575926974415779,0.0590623803436756,-0.709078431129456,0.304636240005493,-0.276158630847931,0.227037116885185,0.517232477664948,-0.680679321289062,-0.3006891310215,-0.385991632938385,0.0941979736089706,-0.291567981243134,0.265738964080811,-0.0393630415201187,0.231564953923225,-0.307313054800034,0.0157596711069345,0.235036730766296,-0.11685274541378,-0.0781188234686852,-0.0507691241800785,-0.281800180673599,0.134336292743683,0.0685823187232018,0.334248304367065,-0.153463274240494,-0.257192879915237,0.156968966126442,0.281472653150558,-0.440162986516953,-0.103001274168491,0.300230085849762,0.0394227392971516,-0.0690391883254051,-0.0859505757689476,-0.185476586222649,-0.178366988897324,0.307743847370148,-0.537239730358124,0.0768002942204475,-0.0112378830090165
"temp.May",0.211274489760399,-0.257525563240051,0.487503737211227,0.18572635948658,0.286145061254501,0.610878467559814,1,0.0376056805253029,0.0246287994086742,0.274148523807526,-0.0287077110260725,-0.200534522533417,-0.488309532403946,-0.206830114126205,0.135715290904045,0.18478088080883,0.431926161050797,-0.263983726501465,-0.501300573348999,0.129177361726761,0.204747691750526,-0.581522107124329,0.512120187282562,0.00601931381970644,0.0366750732064247,-0.483504295349121,0.269496560096741,0.314234763383865,-0.547515034675598,0.397925496101379,-0.0900410264730453,0.0307305566966534,0.58087170124054,-0.357663005590439,0.17445994913578,-0.016725692898035,-0.598482251167297,0.0851156786084175,0.419423341751099,0.079302504658699,0.351991593837738,0.351239383220673,0.325074702501297,-0.186197385191917,0.0139609491452575,-0.0660825148224831,0.00216331798583269,0.320345968008041,-0.328756719827652,-0.249664381146431,-0.257525563240051
"temp.Jun",-0.00373420817777514,0.227680176496506,-0.14831879734993,-0.302575707435608,-0.304889976978302,0.562446236610413,0.0376056805253029,1,0.288760006427765,0.00812526047229767,-0.288620978593826,-0.203396022319794,-0.166933849453926,0.309116452932358,-0.288659632205963,-0.326156824827194,0.00616495683789253,-0.467319935560226,-0.17117577791214,-0.625931560993195,0.099754586815834,0.441982835531235,0.131829515099525,0.00744288880378008,0.00351624935865402,-0.0918039530515671,-0.198145687580109,0.00847359001636505,-0.136420890688896,-0.0777971148490906,0.226374864578247,0.00860649719834328,0.10765615850687,-0.0166072379797697,0.283771485090256,-0.217332646250725,0.1149782538414,0.187372252345085,-0.0594370141625404,-0.710882425308228,-0.229990512132645,0.304449886083603,-0.18368099629879,0.00699620461091399,-0.337391704320908,-0.364138394594193,-0.217455491423607,-0.173597231507301,-0.308490395545959,-0.143117725849152,0.227680176496506
"temp.Jul",-0.0987943783402443,-0.249793738126755,0.156454592943192,-0.225336149334908,-0.2909314930439,0.440759360790253,0.0246287994086742,0.288760006427765,1,0.632277011871338,-0.107249841094017,0.264369517564774,-0.255241394042969,0.254976630210876,-0.180014804005623,0.208263874053955,0.244936659932137,-0.79356175661087,0.387404769659042,-0.53830486536026,-0.133986905217171,-0.0211619604378939,-0.0968315601348877,0.0173759423196316,0.434766173362732,-0.180007770657539,-0.241135075688362,0.27489185333252,0.428138971328735,0.0933663100004196,0.471649020910263,0.306631147861481,-0.471706062555313,-0.0966813266277313,-0.372870177030563,-0.100605547428131,0.370040565729141,0.098661758005619,0.056097574532032,-0.228625535964966,-0.383212894201279,-0.125236332416534,0.249689176678658,0.260159254074097,0.140147045254707,0.0796994492411613,-0.189667820930481,0.178222730755806,-0.180071488022804,0.202487945556641,-0.249793738126755
"temp.Aug",0.373082935810089,-0.346426427364349,0.302271693944931,-0.0215597562491894,0.110348023474216,0.318157434463501,0.274148523807526,0.00812526047229767,0.632277011871338,1,0.0935940444469452,0.402227878570557,-0.368056535720825,-0.0897918194532394,0.212570786476135,0.0809923633933067,0.387522548437119,-0.465693145990372,0.132596015930176,-0.28810977935791,0.396049827337265,-0.456984758377075,0.128432720899582,-0.451105445623398,0.438540726900101,-0.262315630912781,0.0179650243371725,0.516685426235199,0.193561568856239,0.407737463712692,0.449891149997711,0.330430179834366,-0.224402755498886,-0.0285233408212662,-0.191615760326385,-0.221943080425262,0.410551905632019,0.221806451678276,0.320906698703766,0.0814590081572533,0.232594564557076,0.180654585361481,0.775143384933472,0.263954073190689,0.382894396781921,0.518818199634552,-0.0790368095040321,0.29637736082077,-0.335906237363815,-0.193485915660858,-0.346426427364349
"temp.Sep",0.0434186495840549,-0.0884447619318962,-0.242108911275864,0.0218039341270924,-0.0740675628185272,-0.0575926974415779,-0.0287077110260725,-0.288620978593826,-0.107249841094017,0.0935940444469452,1,0.0232361927628517,0.00069698819424957,-0.228471487760544,-0.316702038049698,0.273063033819199,0.303046375513077,0.146571263670921,0.199226409196854,-0.143956825137138,0.347520500421524,-0.115907110273838,-0.613064825534821,0.0637411326169968,0.00863894447684288,0.145390585064888,0.197292283177376,0.221290454268456,0.289331763982773,0.107412457466125,0.0507490821182728,-0.10889807343483,-0.332341551780701,0.229573875665665,-0.268451929092407,-0.355498313903809,-0.000852579309139401,0.325232148170471,0.154347151517868,0.0676605254411697,0.0273101292550564,-0.457207471132278,0.130986362695694,0.575313329696655,0.840019822120667,0.285203278064728,0.864666163921356,0.465775161981583,0.327856868505478,0.161764606833458,-0.0884447619318962
"temp.Oct",-0.0398130938410759,0.0243665464222431,0.0541119389235973,-0.409479230642319,0.437059611082077,0.0590623803436756,-0.200534522533417,-0.203396022319794,0.264369517564774,0.402227878570557,0.0232361927628517,1,-0.0885351076722145,0.366619646549225,-0.142793715000153,0.465776890516281,0.0888181328773499,0.0684410259127617,0.499119967222214,-0.0201972387731075,0.268562763929367,0.00505636446177959,-0.0785563737154007,-0.489763885736465,0.184517353773117,0.105515770614147,0.133030608296394,-0.188049554824829,0.345566809177399,-0.438510596752167,0.323137283325195,-0.226424008607864,-0.32420551776886,0.515748500823975,-0.101645886898041,-0.0915306806564331,0.14476703107357,0.0344036258757114,-0.0352692678570747,-0.0987671166658401,0.356310158967972,-0.190979138016701,0.395792603492737,0.237262338399887,0.183324187994003,0.0643539801239967,-0.204000443220139,0.31483319401741,-0.260117918252945,0.337383419275284,0.0243665464222431
"temp.Nov",0.0385521873831749,0.0432766042649746,-0.508446037769318,0.0507970042526722,-0.00210410403087735,-0.709078431129456,-0.488309532403946,-0.166933849453926,-0.255241394042969,-0.368056535720825,0.00069698819424957,-0.0885351076722145,1,-0.0755540207028389,-0.142125487327576,-0.214918449521065,-0.334541231393814,0.450797528028488,0.212590545415878,0.0929524898529053,0.215486600995064,0.49971017241478,-0.166810110211372,0.228807672858238,-0.123007535934448,0.222766011953354,-0.161577835679054,-0.240746170282364,0.0195290558040142,0.0679911524057388,0.200680926442146,0.20424297451973,-0.0173374433070421,-0.182432562112808,-0.273628681898117,-0.2077317237854,0.0151345673948526,0.197271972894669,0.00352708925493062,-0.0598299726843834,0.143236875534058,-0.153430864214897,-0.119150258600712,0.386407107114792,0.101669535040855,-0.118614822626114,0.164600893855095,-0.344831526279449,0.79445493221283,0.148575738072395,0.0432766042649746
"temp.Dec",-0.421893149614334,-0.347104519605637,0.229231625795364,-0.472795158624649,-0.150089651346207,0.304636240005493,-0.206830114126205,0.309116452932358,0.254976630210876,-0.0897918194532394,-0.228471487760544,0.366619646549225,-0.0755540207028389,1,-0.401978135108948,0.0138012412935495,0.00526447920128703,-0.232051864266396,-0.0629282370209694,-0.386971026659012,-0.04978371784091,0.110031850636005,0.178399160504341,-0.435126841068268,-0.0406151972711086,-0.31627157330513,0.193591669201851,-0.106158927083015,0.332190632820129,-0.543102920055389,-0.18510727584362,-0.594303369522095,-0.220652684569359,0.726809203624725,0.382070273160934,-0.0996176823973656,-0.155719801783562,0.0924259647727013,0.258907467126846,-0.167297646403313,-0.284287661314011,0.209744334220886,-0.298026412725449,0.0650535821914673,-0.196070984005928,-0.0250365380197763,-0.240306332707405,-0.191236361861229,-0.225204333662987,0.742870032787323,-0.347104519605637
"precip.Jan",0.65826541185379,-0.207093819975853,0.344729840755463,0.588882565498352,0.181108802556992,-0.276158630847931,0.135715290904045,-0.288659632205963,-0.180014804005623,0.212570786476135,-0.316702038049698,-0.142793715000153,-0.142125487327576,-0.401978135108948,1,-0.039760984480381,-0.239450603723526,-0.0229256879538298,-0.0569816902279854,0.179869011044502,-0.0533548220992088,-0.313200384378433,0.222521603107452,-0.0974748209118843,0.0426272489130497,-0.266055583953857,-0.162103787064552,0.479236096143723,-0.0611209161579609,0.316448718309402,-0.224600583314896,0.285353451967239,0.0623554512858391,-0.339172095060349,-0.019172228872776,-0.038840975612402,0.199212595820427,0.0853031575679779,0.0325558818876743,0.625651836395264,0.119798250496387,0.115302413702011,0.0977314412593842,-0.586667954921722,-0.188372746109962,0.123044244945049,-0.299267530441284,-0.374651372432709,-0.181490376591682,-0.683804869651794,-0.207093819975853
"precip.Feb",-0.0927100107073784,-0.0129075516015291,0.319802641868591,0.0939714983105659,0.200944617390633,0.227037116885185,0.18478088080883,-0.326156824827194,0.208263874053955,0.0809923633933067,0.273063033819199,0.465776890516281,-0.214918449521065,0.0138012412935495,-0.039760984480381,1,0.277289927005768,-0.247335970401764,0.562587201595306,-0.131479486823082,-0.0538007169961929,-0.0916180983185768,-0.250215977430344,0.211469635367393,-0.0553139410912991,-0.152431175112724,-0.189725860953331,0.190660163760185,0.436051815748215,-0.239132538437843,0.0795621797442436,-0.289025098085403,-0.40882471203804,0.0227515920996666,-0.455446898937225,-0.108350239694118,-0.324292480945587,0.0840300694108009,0.0691758096218109,0.126097157597542,0.071619026362896,-0.512806355953217,0.0576195791363716,0.163328006863594,0.179187074303627,-0.261891841888428,-0.0244445819407701,0.379636257886887,-0.0744543820619583,0.17029082775116,-0.0129075516015291
"precip.Mar",0.0186687838286161,-0.210954606533051,0.532880544662476,-0.176509723067284,-0.391396403312683,0.517232477664948,0.431926161050797,0.00616495683789253,0.244936659932137,0.387522548437119,0.303046375513077,0.0888181328773499,-0.334541231393814,0.00526447920128703,-0.239450603723526,0.277289927005768,1,-0.415660709142685,-0.198128700256348,-0.222980633378029,0.392036497592926,-0.443806380033493,0.336189836263657,-0.000782621558755636,-0.0949168130755424,-0.384130448102951,-0.296774327754974,0.283865064382553,0.150244057178497,-0.0839829370379448,-0.00921283103525639,-0.327338397502899,-0.156952068209648,0.0817431136965752,0.191407307982445,-0.0394858904182911,-0.0663522332906723,0.0282935407012701,0.620129704475403,0.0237304195761681,-0.0144095821306109,0.28113716840744,0.365753978490829,0.246631860733032,0.360184460878372,0.343397229909897,0.0290492866188288,0.690403461456299,0.0295938514173031,0.15806856751442,-0.210954606533051
"precip.Apr",-0.0648457333445549,0.271452397108078,-0.480971455574036,0.0727826952934265,0.502773284912109,-0.680679321289062,-0.263983726501465,-0.467319935560226,-0.79356175661087,-0.465693145990372,0.146571263670921,0.0684410259127617,0.450797528028488,-0.232051864266396,-0.0229256879538298,-0.247335970401764,-0.415660709142685,1,-0.0713637620210648,0.690096795558929,0.106490783393383,0.168420255184174,-0.0962108224630356,-0.147073149681091,-0.279180943965912,0.459744453430176,0.452435553073883,-0.590822577476501,-0.377380013465881,-0.0971084013581276,-0.0845718905329704,-0.020030589774251,0.38422691822052,0.166352212429047,0.0908529087901115,0.237608104944229,-0.162210404872894,-0.248815774917603,-0.315820097923279,0.148273408412933,0.497383922338486,-0.111194871366024,0.0139195388182998,-0.00742780370637774,0.0450457334518433,0.0268831886351109,0.291575223207474,-0.0247068479657173,0.258204340934753,0.000476939923828468,0.271452397108078
"precip.May",-0.0805589109659195,0.14088299870491,-0.308230340480804,0.112516567111015,0.0769208297133446,-0.3006891310215,-0.501300573348999,-0.17117577791214,0.387404769659042,0.132596015930176,0.199226409196854,0.499119967222214,0.212590545415878,-0.0629282370209694,-0.0569816902279854,0.562587201595306,-0.198128700256348,-0.0713637620210648,1,-0.282880067825317,-0.146441370248795,0.502206385135651,-0.611969888210297,0.163808733224869,-0.0239191055297852,0.2269406914711,-0.307820916175842,-0.0590840429067612,0.629488885402679,-0.189986363053322,0.592002928256989,0.25096395611763,-0.696998000144958,-0.0135734556242824,-0.796600341796875,-0.0553387366235256,0.360190063714981,-0.00671274354681373,-0.428011178970337,-0.0247006192803383,-0.100410081446171,-0.774128973484039,0.124888949096203,0.369733780622482,0.223374962806702,-0.175294905900955,0.0450848042964935,0.162850722670555,0.12032375484705,0.0523960739374161,0.14088299870491
"precip.Jun",-0.0403259992599487,0.272547632455826,-0.115859515964985,-0.00156258686911315,0.463576555252075,-0.385991632938385,0.129177361726761,-0.625931560993195,-0.53830486536026,-0.28810977935791,-0.143956825137138,-0.0201972387731075,0.0929524898529053,-0.386971026659012,0.179869011044502,-0.131479486823082,-0.222980633378029,0.690096795558929,-0.282880067825317,1,-0.207384377717972,-0.298827767372131,0.138581648468971,0.0985448956489563,0.0871715471148491,0.440600663423538,0.363473355770111,-0.519909024238586,-0.576175928115845,0.00666257413104177,-0.317883998155594,0.104902155697346,0.573882281780243,-0.174827292561531,0.170391947031021,0.46816349029541,-0.240086659789085,-0.429462105035782,-0.293754816055298,0.24014350771904,0.364079624414444,0.00674474006518722,0.0177522618323565,-0.414098352193832,-0.113249398767948,-0.00623037479817867,0.00497264042496681,0.0825790911912918,0.115189924836159,-0.0633518546819687,0.272547632455826
"precip.Jul",0.589881956577301,-0.151512622833252,-0.0463856123387814,-0.178601533174515,0.192609563469887,0.0941979736089706,0.204747691750526,0.099754586815834,-0.133986905217171,0.396049827337265,0.347520500421524,0.268562763929367,0.215486600995064,-0.04978371784091,-0.0533548220992088,-0.0538007169961929,0.392036497592926,0.106490783393383,-0.146441370248795,-0.207384377717972,1,-0.0983093902468681,0.154657810926437,-0.348028242588043,0.0706718266010284,-0.17796878516674,0.0736301317811012,0.267768025398254,-0.126402914524078,0.139579877257347,0.227778404951096,-0.0686458870768547,0.125679194927216,0.13237276673317,0.193520218133926,-0.647360563278198,-0.0184137020260096,0.622396469116211,0.555930852890015,-0.167303919792175,0.58230584859848,0.263889849185944,0.484467655420303,0.431487590074539,0.521505951881409,0.18797741830349,0.276958405971527,0.223417669534683,0.196264907717705,-0.111704960465431,-0.151512622833252
"precip.Aug",-0.155669510364532,0.414895474910736,-0.685964107513428,-0.0811565071344376,-0.116482473909855,-0.291567981243134,-0.581522107124329,0.441982835531235,-0.0211619604378939,-0.456984758377075,-0.115907110273838,0.00505636446177959,0.49971017241478,0.110031850636005,-0.313200384378433,-0.0916180983185768,-0.443806380033493,0.168420255184174,0.502206385135651,-0.298827767372131,-0.0983093902468681,1,-0.366200655698776,0.28786689043045,-0.310842007398605,0.324429333209991,-0.271663665771484,-0.475049704313278,0.102474071085453,-0.357884645462036,0.447222411632538,0.185247763991356,-0.175675198435783,-0.0396420881152153,-0.265471696853638,-0.0418774746358395,0.210929691791534,-0.0181231163442135,-0.55699098110199,-0.488630682229996,-0.19294784963131,-0.420154750347137,-0.320952206850052,0.167111933231354,-0.179558992385864,-0.565963745117188,0.0264887921512127,-0.158091589808464,0.245478332042694,-0.00324094714596868,0.414895474910736
"precip.Sep",0.0296036060899496,-0.29866623878479,0.63347464799881,0.107914984226227,0.0694382265210152,0.265738964080811,0.512120187282562,0.131829515099525,-0.0968315601348877,0.128432720899582,-0.613064825534821,-0.0785563737154007,-0.166810110211372,0.178399160504341,0.222521603107452,-0.250215977430344,0.336189836263657,-0.0962108224630356,-0.611969888210297,0.138581648468971,0.154657810926437,-0.366200655698776,1,-0.362497717142105,-0.300337195396423,-0.594856321811676,0.00323682324960828,0.0432141982018948,-0.407318294048309,0.0726055204868317,-0.144098967313766,-0.184324026107788,0.497259169816971,-0.0560446716845036,0.516485571861267,0.313411593437195,-0.335412412881851,-0.266552865505219,0.486888468265533,0.201197743415833,0.297318011522293,0.842791259288788,0.286520510911942,-0.319006830453873,-0.482616543769836,0.179545775055885,-0.598327219486237,-0.0287912450730801,-0.326109707355499,-0.100729398429394,-0.29866623878479
"precip.Oct",0.00802236516028643,0.402488023042679,-0.276914149522781,0.0298791043460369,-0.373265415430069,-0.0393630415201187,0.00601931381970644,0.00744288880378008,0.0173759423196316,-0.451105445623398,0.0637411326169968,-0.489763885736465,0.228807672858238,-0.435126841068268,-0.0974748209118843,0.211469635367393,-0.000782621558755636,-0.147073149681091,0.163808733224869,0.0985448956489563,-0.348028242588043,0.28786689043045,-0.362497717142105,1,0.0850609838962555,0.326158612966537,-0.504073083400726,-0.114612258970737,-0.0908960998058319,-0.0261097121983767,-0.0904389619827271,0.251001447439194,-0.00343539123423398,-0.652027487754822,-0.297018229961395,-0.0186953488737345,-0.062348660081625,0.0283505879342556,-0.298159390687943,-0.230780109763145,-0.420307487249374,-0.473974406719208,-0.492756098508835,-0.137451648712158,0.00485363556072116,-0.576981067657471,0.164269238710403,0.0557659715414047,0.541781067848206,-0.127199098467827,0.402488023042679
"precip.Nov",0.328179329633713,0.103408113121986,-0.14844822883606,-0.520042777061462,0.074874572455883,0.231564953923225,0.0366750732064247,0.00351624935865402,0.434766173362732,0.438540726900101,0.00863894447684288,0.184517353773117,-0.123007535934448,-0.0406151972711086,0.0426272489130497,-0.0553139410912991,-0.0949168130755424,-0.279180943965912,-0.0239191055297852,0.0871715471148491,0.0706718266010284,-0.310842007398605,-0.300337195396423,0.0850609838962555,1,0.388896465301514,0.106218032538891,0.169355988502502,-0.0616172030568123,0.191601976752281,-0.0632037222385406,0.292863130569458,0.0171311795711517,-0.135199293494225,0.0222863983362913,-0.432348996400833,0.344467401504517,0.448926657438278,-0.0419941879808903,-0.322317898273468,-0.0638855546712875,-0.087349146604538,-0.00294300285167992,-0.0541342720389366,0.268031001091003,-0.0245093312114477,0.0640653148293495,-0.11874271184206,0.0357777811586857,0.0346221290528774,0.103408113121986
"precip.Dec",-0.111407101154327,0.797766208648682,-0.73916482925415,-0.442172437906265,0.121785640716553,-0.307313054800034,-0.483504295349121,-0.0918039530515671,-0.180007770657539,-0.262315630912781,0.145390585064888,0.105515770614147,0.222766011953354,-0.31627157330513,-0.266055583953857,-0.152431175112724,-0.384130448102951,0.459744453430176,0.2269406914711,0.440600663423538,-0.17796878516674,0.324429333209991,-0.594856321811676,0.326158612966537,0.388896465301514,1,0.0311134196817875,-0.605725765228271,-0.159904569387436,-0.185220018029213,0.0687179118394852,0.220498040318489,0.0573524497449398,-0.055094800889492,-0.0887774303555489,0.0983720570802689,0.354191958904266,-0.152161255478859,-0.717987656593323,-0.471396803855896,0.0102720791473985,-0.418395847082138,-0.206286862492561,0.0103886034339666,0.0696552842855453,-0.238456770777702,0.2035873234272,0.0364949256181717,0.236933693289757,-0.0197312869131565,0.797766208648682
"radiation.Jan",-0.158421352505684,-0.257515460252762,-0.160166218876839,-0.0637790709733963,0.617695152759552,0.0157596711069345,0.269496560096741,-0.198145687580109,-0.241135075688362,0.0179650243371725,0.197292283177376,0.133030608296394,-0.161577835679054,0.193591669201851,-0.162103787064552,-0.189725860953331,-0.296774327754974,0.452435553073883,-0.307820916175842,0.363473355770111,0.0736301317811012,-0.271663665771484,0.00323682324960828,-0.504073083400726,0.106218032538891,0.0311134196817875,1,-0.209330081939697,-0.408250540494919,0.169940963387489,-0.0837909728288651,-0.0257715657353401,0.468034267425537,0.353974282741547,0.181143626570702,0.052275575697422,-0.393486440181732,-0.00922238733619452,-0.026869947090745,0.080025814473629,0.386875629425049,0.0533206537365913,0.162471115589142,0.0363589227199554,0.175857588648796,0.153911560773849,0.402881056070328,0.0360080413520336,-0.283402562141418,0.245800465345383,-0.257515460252762
"radiation.Feb",0.482772976160049,-0.551517963409424,0.531377673149109,0.419212609529495,-0.198422715067863,0.235036730766296,0.314234763383865,0.00847359001636505,0.27489185333252,0.516685426235199,0.221290454268456,-0.188049554824829,-0.240746170282364,-0.106158927083015,0.479236096143723,0.190660163760185,0.283865064382553,-0.590822577476501,-0.0590840429067612,-0.519909024238586,0.267768025398254,-0.475049704313278,0.0432141982018948,-0.114612258970737,0.169355988502502,-0.605725765228271,-0.209330081939697,1,0.356490969657898,0.520560145378113,-0.110304623842239,0.0183326564729214,-0.314390242099762,-0.147322490811348,-0.149371489882469,-0.519652783870697,0.0519315227866173,0.551186561584473,0.621910452842712,0.393322467803955,-0.0734377726912498,0.166791945695877,0.176593855023384,0.109492912888527,0.25933575630188,0.347763627767563,0.0525321252644062,-0.195372804999352,-0.0802482962608337,-0.291137099266052,-0.551517963409424
"radiation.Mar",-0.206069827079773,-0.262227445840836,0.203376829624176,0.0462243929505348,-0.42282173037529,-0.11685274541378,-0.547515034675598,-0.136420890688896,0.428138971328735,0.193561568856239,0.289331763982773,0.345566809177399,0.0195290558040142,0.332190632820129,-0.0611209161579609,0.436051815748215,0.150244057178497,-0.377380013465881,0.629488885402679,-0.576175928115845,-0.126402914524078,0.102474071085453,-0.407318294048309,-0.0908960998058319,-0.0616172030568123,-0.159904569387436,-0.408250540494919,0.356490969657898,1,-0.252186059951782,0.0947221964597702,-0.272093564271927,-0.978798747062683,0.4075907766819,-0.40169295668602,-0.150419875979424,0.381988674402237,0.0986589267849922,0.133727937936783,0.241009846329689,-0.449422061443329,-0.354278236627579,-0.0630527809262276,0.391213774681091,0.234157875180244,0.306821256875992,-0.023525083437562,-0.0098914485424757,0.0875077545642853,0.363116502761841,-0.262227445840836
"radiation.Apr",0.271771401166916,-0.262000799179077,0.0330336876213551,0.547113597393036,0.200647801160812,-0.0781188234686852,0.397925496101379,-0.0777971148490906,0.0933663100004196,0.407737463712692,0.107412457466125,-0.438510596752167,0.0679911524057388,-0.543102920055389,0.316448718309402,-0.239132538437843,-0.0839829370379448,-0.0971084013581276,-0.189986363053322,0.00666257413104177,0.139579877257347,-0.357884645462036,0.0726055204868317,-0.0261097121983767,0.191601976752281,-0.185220018029213,0.169940963387489,0.520560145378113,-0.252186059951782,1,0.248354107141495,0.586669445037842,0.25578847527504,-0.576639533042908,-0.371209174394608,-0.104658357799053,-0.0591530054807663,0.157342568039894,0.221850112080574,0.225806996226311,0.314075648784637,0.216671586036682,0.449974417686462,0.239019021391869,0.13756462931633,0.341246783733368,0.184997498989105,-0.207196310162544,0.0115903168916702,-0.480212718248367,-0.262000799179077
"radiation.May",-0.009919130243361,0.0888435989618301,-0.377842575311661,0.0961595848202705,0.211418688297272,-0.0507691241800785,-0.0900410264730453,0.226374864578247,0.471649020910263,0.449891149997711,0.0507490821182728,0.323137283325195,0.200680926442146,-0.18510727584362,-0.224600583314896,0.0795621797442436,-0.00921283103525639,-0.0845718905329704,0.592002928256989,-0.317883998155594,0.227778404951096,0.447222411632538,-0.144098967313766,-0.0904389619827271,-0.0632037222385406,0.0687179118394852,-0.0837909728288651,-0.110304623842239,0.0947221964597702,0.248354107141495,1,0.579175353050232,-0.179853528738022,-0.239772692322731,-0.635109961032867,0.0201952587813139,0.296033829450607,-0.0657717287540436,-0.248379498720169,-0.307810664176941,0.285831183195114,-0.241647824645042,0.638929665088654,0.570153713226318,0.187872365117073,-0.00963824242353439,0.0288378093391657,0.315404564142227,-0.0513586960732937,-0.178446173667908,0.0888435989618301
"radiation.Jun",0.357776582241058,0.045109000056982,-0.452907413244247,0.300492316484451,0.132167801260948,-0.281800180673599,0.0307305566966534,0.00860649719834328,0.306631147861481,0.330430179834366,-0.10889807343483,-0.226424008607864,0.20424297451973,-0.594303369522095,0.285353451967239,-0.289025098085403,-0.327338397502899,-0.020030589774251,0.25096395611763,0.104902155697346,-0.0686458870768547,0.185247763991356,-0.184324026107788,0.251001447439194,0.292863130569458,0.220498040318489,-0.0257715657353401,0.0183326564729214,-0.272093564271927,0.586669445037842,0.579175353050232,1,0.141093030571938,-0.707926511764526,-0.530777156352997,0.0288285687565804,0.413642764091492,0.00178395153488964,-0.398250192403793,-0.03777040168643,0.0564247146248817,-0.254103928804398,0.348701328039169,0.00977651495486498,0.15099073946476,-0.043571799993515,0.143878117203712,-0.0223073773086071,0.149362027645111,-0.527493894100189,0.045109000056982
"radiation.Jul",0.138605952262878,0.177134901285172,-0.0861051455140114,-0.0226883478462696,0.471924722194672,0.134336292743683,0.58087170124054,0.10765615850687,-0.471706062555313,-0.224402755498886,-0.332341551780701,-0.32420551776886,-0.0173374433070421,-0.220652684569359,0.0623554512858391,-0.40882471203804,-0.156952068209648,0.38422691822052,-0.696998000144958,0.573882281780243,0.125679194927216,-0.175675198435783,0.497259169816971,-0.00343539123423398,0.0171311795711517,0.0573524497449398,0.468034267425537,-0.314390242099762,-0.978798747062683,0.25578847527504,-0.179853528738022,0.141093030571938,1,-0.325240403413773,0.455140948295593,0.154465287923813,-0.511669874191284,-0.0968325138092041,-0.0223907846957445,-0.176847323775291,0.497245222330093,0.453227758407593,0.0424235723912716,-0.381037563085556,-0.30858838558197,-0.269509762525558,-0.0424340479075909,-0.0765347108244896,-0.134508341550827,-0.280661702156067,0.177134901285172
"radiation.Aug",-0.342508643865585,-0.192165672779083,0.111247695982456,-0.412143230438232,-0.0156840085983276,0.0685823187232018,-0.357663005590439,-0.0166072379797697,-0.0966813266277313,-0.0285233408212662,0.229573875665665,0.515748500823975,-0.182432562112808,0.726809203624725,-0.339172095060349,0.0227515920996666,0.0817431136965752,0.166352212429047,-0.0135734556242824,-0.174827292561531,0.13237276673317,-0.0396420881152153,-0.0560446716845036,-0.652027487754822,-0.135199293494225,-0.055094800889492,0.353974282741547,-0.147322490811348,0.4075907766819,-0.576639533042908,-0.239772692322731,-0.707926511764526,-0.325240403413773,1,0.408977746963501,-0.0409903302788734,0.0309606492519379,-0.00358071504160762,0.161646351218224,0.0321907252073288,-0.0627778545022011,0.0866888612508774,-0.0931594371795654,0.166782379150391,0.12390860915184,0.325631678104401,0.0737037062644958,0.0730619505047798,-0.248784989118576,0.619691014289856,-0.192165672779083
"radiation.Sep",0.0881902277469635,0.0309762805700302,0.249324783682823,-0.465916275978088,-0.138727694749832,0.334248304367065,0.17445994913578,0.283771485090256,-0.372870177030563,-0.191615760326385,-0.268451929092407,-0.101645886898041,-0.273628681898117,0.382070273160934,-0.019172228872776,-0.455446898937225,0.191407307982445,0.0908529087901115,-0.796600341796875,0.170391947031021,0.193520218133926,-0.265471696853638,0.516485571861267,-0.297018229961395,0.0222863983362913,-0.0887774303555489,0.181143626570702,-0.149371489882469,-0.40169295668602,-0.371209174394608,-0.635109961032867,-0.530777156352997,0.455140948295593,0.408977746963501,1,-0.0232936646789312,-0.132376283407211,0.038819458335638,0.279348611831665,-0.144715547561646,-0.0159420240670443,0.655626475811005,-0.283791482448578,-0.481711804866791,-0.260332882404327,0.0333491899073124,-0.197171613574028,-0.103020064532757,-0.213393434882164,0.116434343159199,0.0309762805700302
"radiation.Oct",-0.628995358943939,0.176732435822487,0.149188652634621,0.219864681363106,0.0240487940609455,-0.153463274240494,-0.016725692898035,-0.217332646250725,-0.100605547428131,-0.221943080425262,-0.355498313903809,-0.0915306806564331,-0.2077317237854,-0.0996176823973656,-0.038840975612402,-0.108350239694118,-0.0394858904182911,0.237608104944229,-0.0553387366235256,0.46816349029541,-0.647360563278198,-0.0418774746358395,0.313411593437195,-0.0186953488737345,-0.432348996400833,0.0983720570802689,0.052275575697422,-0.519652783870697,-0.150419875979424,-0.104658357799053,0.0201952587813139,0.0288285687565804,0.154465287923813,-0.0409903302788734,-0.0232936646789312,1,-0.415672481060028,-0.992505967617035,-0.401251912117004,0.25040790438652,-0.0658784285187721,0.121552214026451,0.0949725359678268,-0.270960927009583,-0.500015079975128,0.166125386953354,-0.364695608615875,0.198218494653702,-0.307309448719025,0.0271290373057127,0.176732435822487
"radiation.Nov",0.353315770626068,0.168260604143143,-0.291813999414444,-0.160359516739845,-0.391878873109818,-0.257192879915237,-0.598482251167297,0.1149782538414,0.370040565729141,0.410551905632019,-0.000852579309139401,0.14476703107357,0.0151345673948526,-0.155719801783562,0.199212595820427,-0.324292480945587,-0.0663522332906723,-0.162210404872894,0.360190063714981,-0.240086659789085,-0.0184137020260096,0.210929691791534,-0.335412412881851,-0.062348660081625,0.344467401504517,0.354191958904266,-0.393486440181732,0.0519315227866173,0.381988674402237,-0.0591530054807663,0.296033829450607,0.413642764091492,-0.511669874191284,0.0309606492519379,-0.132376283407211,-0.415672481060028,1,-0.137557953596115,-0.361303389072418,-0.0678343400359154,-0.346410304307938,-0.163712948560715,0.142481371760368,0.00549085019156337,0.225388646125793,0.318814843893051,-0.0534390024840832,-0.00217281212098897,0.0625908225774765,-0.234102055430412,0.168260604143143
"radiation.Dec",0.648989140987396,-0.248868241906166,-0.109396278858185,-0.179020270705223,-0.0137843545526266,0.156968966126442,0.0851156786084175,0.187372252345085,0.098661758005619,0.221806451678276,0.325232148170471,0.0344036258757114,0.197271972894669,0.0924259647727013,0.0853031575679779,0.0840300694108009,0.0282935407012701,-0.248815774917603,-0.00671274354681373,-0.429462105035782,0.622396469116211,-0.0181231163442135,-0.266552865505219,0.0283505879342556,0.448926657438278,-0.152161255478859,-0.00922238733619452,0.551186561584473,0.0986589267849922,0.157342568039894,-0.0657717287540436,0.00178395153488964,-0.0968325138092041,-0.00358071504160762,0.038819458335638,-0.992505967617035,-0.137557953596115,1,0.437330454587936,-0.194307371973991,0.056917566806078,-0.093989260494709,-0.104421012103558,0.219073012471199,0.493306636810303,-0.160324439406395,0.371651709079742,-0.225233092904091,0.312570124864578,-0.0323212184011936,-0.248868241906166
"airhumidity.Jan",0.224102139472961,-0.666660010814667,0.643094480037689,0.0479142628610134,-0.184496849775314,0.281472653150558,0.419423341751099,-0.0594370141625404,0.056097574532032,0.320906698703766,0.154347151517868,-0.0352692678570747,0.00352708925493062,0.258907467126846,0.0325558818876743,0.0691758096218109,0.620129704475403,-0.315820097923279,-0.428011178970337,-0.293754816055298,0.555930852890015,-0.55699098110199,0.486888468265533,-0.298159390687943,-0.0419941879808903,-0.717987656593323,-0.026869947090745,0.621910452842712,0.133727937936783,0.221850112080574,-0.248379498720169,-0.398250192403793,-0.0223907846957445,0.161646351218224,0.279348611831665,-0.401251912117004,-0.361303389072418,0.437330454587936,1,0.290557831525803,0.153037145733833,0.54622495174408,0.233506962656975,0.270295947790146,0.263296067714691,0.436621338129044,0.0149624161422253,0.0207661110907793,0.13396455347538,0.225226134061813,-0.666660010814667
"airhumidity.Feb",0.127525880932808,-0.612171232700348,0.513394236564636,0.699334442615509,0.0524975657463074,-0.440162986516953,0.079302504658699,-0.710882425308228,-0.228625535964966,0.0814590081572533,0.0676605254411697,-0.0987671166658401,-0.0598299726843834,-0.167297646403313,0.625651836395264,0.126097157597542,0.0237304195761681,0.148273408412933,-0.0247006192803383,0.24014350771904,-0.167303919792175,-0.488630682229996,0.201197743415833,-0.230780109763145,-0.322317898273468,-0.471396803855896,0.080025814473629,0.393322467803955,0.241009846329689,0.225806996226311,-0.307810664176941,-0.03777040168643,-0.176847323775291,0.0321907252073288,-0.144715547561646,0.25040790438652,-0.0678343400359154,-0.194307371973991,0.290557831525803,1,0.0156351774930954,0.0252649541944265,0.163205862045288,-0.210106447339058,0.085084430873394,0.535523533821106,0.00806210096925497,-0.0769455060362816,0.0136810960248113,-0.0959280580282211,-0.612171232700348
"airhumidity.Mar",0.253383308649063,0.100923627614975,-0.0193464998155832,0.128114178776741,0.823512673377991,-0.103001274168491,0.351991593837738,-0.229990512132645,-0.383212894201279,0.232594564557076,0.0273101292550564,0.356310158967972,0.143236875534058,-0.284287661314011,0.119798250496387,0.071619026362896,-0.0144095821306109,0.497383922338486,-0.100410081446171,0.364079624414444,0.58230584859848,-0.19294784963131,0.297318011522293,-0.420307487249374,-0.0638855546712875,0.0102720791473985,0.386875629425049,-0.0734377726912498,-0.449422061443329,0.314075648784637,0.285831183195114,0.0564247146248817,0.497245222330093,-0.0627778545022011,-0.0159420240670443,-0.0658784285187721,-0.346410304307938,0.056917566806078,0.153037145733833,0.0156351774930954,1,0.255763411521912,0.633708417415619,0.215235039591789,0.0518597178161144,0.0803120732307434,-0.0281498450785875,0.124123483896255,-0.157625034451485,-0.281675696372986,0.100923627614975
